TOP DOWN MERGE SORTING N=39
  
                                                 39
  	               20 	                   |                             19
 	   10     	| 	    10             |    	     10           |  	 9
 	  5   |	5       | 	  5    |   5       |   	       5      |   5       |      5      |   4
    2 |  3    | 2 | 3   |      2 |  3  | 2 |   3   |         2 |   3  | 2 |   3   |    2 | 3    | 2 | 2
   1|1| 2 |1  |1|1| 2 |1|     1|1| 2 |1|1|1| 2 |1  |        1|1| 2 |1 |1|1| 2 |1  |   1|1| 2 |1 |1|1|1|1
   1|1|1|1|1  |1|1|1|1|1|     1|1|1|1|1|1|1|1|1|1  |        1|1|1|1|1 |1|1|1|1|1  |   1|1|1|1|1 |1|1|1|1


BOTTOM UP MERGE SORTING N=39

1|1|1|1|1|1|1|1|1|1|1|1|1|1|1|1|1|1|1|1|1|1|1|1|1|1|1|1|1|1|1|1|1|1|1|1|1|1|1
 2 | 2 | 2 | 2 | 2 | 2 | 2 | 2 | 2 | 2 | 2 | 2 | 2 | 2 | 2 | 2 | 2 | 2 | 2 |1
   4   |   4   |   4   |   4   |   4   |   4   |   4   |   4   |   4   |   3 
       8       |       8       |       8       |       8       |       7       
               16              |               16              |       7
                               32                              |       7
                                         39